{
    "image_file": "images\\scene1\\img00001.jpg",
    "model": {
        "num": 4,
        "0": {
            "model_file": "models\\car_001.obj",
            "matrix": [
                0.9403840019813325,
                0.30262431197548645,
                -0.15523032763912398,
                19.007078899254374,
                -0.042758368850520756,
                0.5579761493817892,
                0.8287546914584074,
                11.237068994995578,
                0.3374161387824097,
                -0.7727102578084735,
                0.5376515663203612,
                -44.53189985155681,
                0.0,
                0.0,
                0.0,
                1.0
            ],
            "class": 0
        },
        "1": {
            "model_file": "models\\car_001.obj",
            "matrix": [
                0.9259711496146864,
                0.3345137709450997,
                -0.17515126927703972,
                13.702787325563028,
                -0.0333140666303528,
                0.5344271171068584,
                0.8445577715381027,
                4.058052123448359,
                0.3761217928355372,
                -0.7762011295720607,
                0.5060081060667336,
                -31.431415644257502,
                0.0,
                0.0,
                0.0,
                1.0
            ],
            "class": 0
        },
        "2": {
            "model_file": "models\\car_001.obj",
            "matrix": [
                0.9021037547196314,
                0.3314392816301158,
                -0.27632737525127327,
                12.538898493721245,
                0.039819871067754864,
                0.5736890013468412,
                0.8181047045469272,
                -2.462868401028362,
                0.4296780115259481,
                -0.7490186461805701,
                0.5043291326950424,
                -25.454579235554,
                0.0,
                0.0,
                0.0,
                1.0
            ],
            "class": 0
        },
        "3": {
            "model_file": "models\\car_001.obj",
            "matrix": [
                -0.9371692058606654,
                -0.34623041514998404,
                -0.042876324604450455,
                27.263628221832082,
                0.15121903166239803,
                -0.5138878997615113,
                0.8444240824027922,
                0.5582289942806159,
                -0.3143989250134399,
                0.7848845304271033,
                0.5339565430319454,
                -31.40023222877751,
                0.0,
                0.0,
                0.0,
                1.0
            ],
            "class": 0
        }
    },
    "camera": {
        "matrix": [
            0.9999994983965493,
            -1.003206146539399e-06,
            0.0010016015392002148,
            2.1684043449710093e-19,
            0.0,
            0.9999994983970526,
            0.0010016015392002146,
            0.0,
            -0.001001602041606751,
            -0.0010016010367934263,
            0.9999989967938535,
            0.5200000000000002,
            0.0,
            0.0,
            0.0,
            1.0
        ],
        "position": [
            2.1684043449710093e-19,
            0.0,
            0.5200000000000002
        ],
        "focalPoint": [
            -0.0005208328003841115,
            -0.0005208328003841115,
            5.216671963292896e-07
        ],
        "fov": 88.0,
        "viewup": [
            -1.0032061465393993e-06,
            0.9999994983970526,
            -0.0010016010367934266
        ],
        "distance": 0.52
    }
}