{
    "image_file": "images\\scene1\\img00001.jpg",
    "model": {
        "num": 4,
        "0": {
            "model_file": "models\\car_001.obj",
            "matrix": [
                0.9403840019813318,
                0.30262431197548645,
                -0.15523032763912387,
                19.007078899254374,
                -0.0427583688505207,
                0.5579761493817892,
                0.8287546914584072,
                11.237068994995578,
                0.3374161387824094,
                -0.7727102578084734,
                0.5376515663203609,
                -44.53189985155681,
                0.0,
                0.0,
                0.0,
                1.0
            ],
            "class": 0
        },
        "1": {
            "model_file": "models\\car_001.obj",
            "matrix": [
                0.925971149614687,
                0.33451377094509976,
                -0.17515126927703983,
                13.702787325563028,
                -0.03331406663035286,
                0.5344271171068585,
                0.844557771538103,
                4.058052123448359,
                0.3761217928355374,
                -0.7762011295720608,
                0.5060081060667339,
                -31.431415644257502,
                0.0,
                0.0,
                0.0,
                1.0
            ],
            "class": 0
        },
        "2": {
            "model_file": "models\\car_001.obj",
            "matrix": [
                0.9021037547196314,
                0.3314392816301158,
                -0.27632737525127327,
                12.538898493721245,
                0.039819871067754864,
                0.5736890013468412,
                0.8181047045469272,
                -2.462868401028362,
                0.4296780115259481,
                -0.7490186461805701,
                0.5043291326950424,
                -25.454579235554,
                0.0,
                0.0,
                0.0,
                1.0
            ],
            "class": 0
        },
        "3": {
            "model_file": "models\\car_001.obj",
            "matrix": [
                -0.9371692058606652,
                -0.34623041514998376,
                -0.04287632460445023,
                27.263628221832082,
                0.15121903166239775,
                -0.5138878997615108,
                0.8444240824027924,
                0.5582289942806159,
                -0.31439892501343947,
                0.784884530427104,
                0.5339565430319447,
                -31.40023222877751,
                0.0,
                0.0,
                0.0,
                1.0
            ],
            "class": 0
        }
    },
    "camera": {
        "matrix": [
            0.9999994983965493,
            -1.0032061465393987e-06,
            0.0010016015392002148,
            4.336808689942019e-19,
            0.0,
            0.9999994983970526,
            0.0010016015392002142,
            0.0,
            -0.001001602041606751,
            -0.001001601036793426,
            0.9999989967938535,
            0.5200000000000005,
            0.0,
            0.0,
            0.0,
            1.0
        ],
        "position": [
            4.336808689942019e-19,
            0.0,
            0.5200000000000005
        ],
        "focalPoint": [
            -0.0005208328003841112,
            -0.0005208328003841112,
            5.216671965513342e-07
        ],
        "fov": 88.0,
        "viewup": [
            -1.0032061465393993e-06,
            0.9999994983970526,
            -0.0010016010367934266
        ],
        "distance": 0.52
    }
}