{
    "image_file": "images\\scene1\\img00001.jpg",
    "model": {
        "0": {
            "model_file": "models\\car_007.obj",
            "matrix": [
                0.993678413661531,
                0.10326697874637025,
                -0.04403568239167281,
                8.807127337639416,
                -0.0045045005563760995,
                0.42861041927342375,
                0.9034781779130017,
                1.5733208735017286,
                0.11217361408923746,
                -0.8975684038505681,
                0.4263660876656376,
                -97.22976736366137,
                0,
                0,
                0,
                1
            ],
            "class": 0
        },
        "1": {
            "model_file": "models\\car_007.obj",
            "matrix": [
                0.9891700600060789,
                0.14670650543417021,
                -0.0044490056039765274,
                7.003496839136803,
                -0.05772513835764931,
                0.41672391608222115,
                0.9071984271187249,
                -3.6667238168112455,
                0.1349459180159247,
                -0.8971167031264058,
                0.42067947440117354,
                -71.17397644479053,
                0,
                0,
                0,
                1
            ],
            "class": 0
        },
        "2": {
            "model_file": "models\\car_007.obj",
            "matrix": [
                0.9940003952111633,
                0.10608466169404988,
                -0.026631914563358793,
                0.46759706221502917,
                -0.00948711156751145,
                0.32619373374783145,
                0.9452553320546542,
                1.0239173363086032,
                0.10896425576379003,
                -0.9393315136930668,
                0.32524313728184256,
                -70.88633762086779,
                0,
                0,
                0,
                1
            ],
            "class": 0
        },
        "num": 3
    }
}