{
    "image_file": "images\\scene1\\img00001.jpg",
    "model": {
        "num": 6,
        "0": {
            "model_file": "models\\SUV_001.obj",
            "matrix": [
                0.941385510769187,
                0.2792889904251023,
                -0.1891850415365487,
                10.860990783501803,
                -0.027398096501088653,
                0.6222765945920449,
                0.7823178280795202,
                6.677110825523286,
                0.33621817979100665,
                -0.7312793581458812,
                0.5934541565511017,
                -24.53613908211277,
                0.0,
                0.0,
                0.0,
                1.0
            ],
            "class": -1
        },
        "1": {
            "model_file": "models\\car_001.obj",
            "matrix": [
                -0.8585895580053488,
                -0.4830926766943943,
                -0.17159672668330578,
                10.28062971478326,
                -0.013629621989146967,
                -0.3130879927781841,
                0.9496263171282466,
                0.12426072652744102,
                -0.5124823941255098,
                0.8176780384126557,
                0.26222971076713314,
                -11.093134583447927,
                0.0,
                0.0,
                0.0,
                1.0
            ],
            "class": -1
        },
        "2": {
            "model_file": "models\\SUV_001.obj",
            "matrix": [
                0.9008527927772789,
                0.3558858479217461,
                -0.24861518255009368,
                5.439232346226771,
                0.06297794186704597,
                0.45949024900583735,
                0.8859472274953886,
                -1.1471765343385212,
                0.42953233240769,
                -0.8137653066563917,
                0.39152011582911717,
                -10.70644527250984,
                0.0,
                0.0,
                0.0,
                1.0
            ],
            "class": -1
        },
        "3": {
            "model_file": "models\\SUV_001.obj",
            "matrix": [
                0.9225491633438838,
                0.31364758725290354,
                -0.2247848576393512,
                7.388161993105924,
                0.01894631586570522,
                0.5450059998854765,
                0.83821804872238,
                2.1434505286608108,
                0.38541416467046263,
                -0.7775562044632234,
                0.4968523629531354,
                -16.074475419050003,
                0.0,
                0.0,
                0.0,
                1.0
            ],
            "class": -1
        },
        "4": {
            "model_file": "models\\bus_001.obj",
            "matrix": [
                0.9524474857654897,
                0.2932824495652973,
                -0.08263892325038319,
                3.336804433239312,
                -0.06437602704814238,
                0.45877553118474695,
                0.886217094806718,
                3.028221975612457,
                0.2978246363222849,
                -0.8387552782326513,
                0.45583996011360134,
                -16.01331693621417,
                0.0,
                0.0,
                0.0,
                1.0
            ],
            "class": -1
        },
        "5": {
            "model_file": "models\\van_001.obj",
            "matrix": [
                0.22965657005540255,
                -0.9296356461435767,
                0.28815868067715594,
                -0.5404748501355694,
                -0.0708586677020307,
                0.279316045837211,
                0.9575811170597265,
                -1.8051885270375219,
                -0.970688883753121,
                -0.24033333509331617,
                -0.0017259782856388394,
                -8.703377551971947,
                0.0,
                0.0,
                0.0,
                1.0
            ],
            "class": 4
        }
    },
    "camera": {
        "matrix": [
            0.9999994983965493,
            -1.0032061465393817e-06,
            0.0010016015392002137,
            1.0950441942103596e-17,
            6.3527471044072535e-22,
            0.9999994983970526,
            0.0010016015392001977,
            2.9273472479342374e-18,
            -0.0010016020416067498,
            -0.0010016010367934094,
            0.9999989967938535,
            0.5200000000000118,
            0.0,
            0.0,
            0.0,
            1.0
        ],
        "position": [
            1.0950441942103596e-17,
            2.9273472479342374e-18,
            0.5200000000000118
        ],
        "focalPoint": [
            -0.0005208328003841002,
            -0.0005208328003840999,
            5.21667207875609e-07
        ],
        "fov": 88.0,
        "viewup": [
            -1.0032061465393815e-06,
            0.9999994983970525,
            -0.0010016010367934092
        ],
        "distance": 0.52
    }
}