{
    "image_file": "images\\scene1\\img00001.jpg",
    "model": {
        "num": 5,
        "0": {
            "model_file": "models\\bus_001.obj",
            "matrix": [
                0.9353599137679729,
                0.3374251568875014,
                -0.10604760824942172,
                3.9967361796977294,
                -0.05552462616969178,
                0.4361890224455767,
                0.8981403857898272,
                2.916866088863429,
                0.34931196315713875,
                -0.8341962599996597,
                0.42672913211765967,
                -17.873350063237783,
                0.0,
                0.0,
                0.0,
                1.0
            ],
            "class": 0
        },
        "1": {
            "model_file": "models\\SUV_001.obj",
            "matrix": [
                0.9413855107691862,
                0.27928899042510186,
                -0.1891850415365487,
                10.860990783501803,
                -0.02739809650108832,
                0.6222765945920452,
                0.7823178280795198,
                6.677110825523286,
                0.33621817979100593,
                -0.7312793581458812,
                0.5934541565511017,
                -24.53613908211277,
                0.0,
                0.0,
                0.0,
                1.0
            ],
            "class": 0
        },
        "2": {
            "model_file": "models\\SUV_001.obj",
            "matrix": [
                0.9225491633438854,
                0.31364758725290365,
                -0.22478485763935213,
                7.388161993105924,
                0.018946315865705665,
                0.5450059998854779,
                0.8382180487223809,
                2.1434505286608108,
                0.3854141646704633,
                -0.7775562044632242,
                0.4968523629531366,
                -16.074475419050003,
                0.0,
                0.0,
                0.0,
                1.0
            ],
            "class": 0
        },
        "3": {
            "model_file": "models\\SUV_001.obj",
            "matrix": [
                0.9008527927772788,
                0.3558858479217465,
                -0.24861518255009413,
                5.439232346226771,
                0.06297794186704614,
                0.4594902490058379,
                0.8859472274953886,
                -1.1471765343385212,
                0.42953233240769056,
                -0.8137653066563918,
                0.39152011582911744,
                -10.70644527250984,
                0.0,
                0.0,
                0.0,
                1.0
            ],
            "class": 0
        },
        "4": {
            "model_file": "models\\car_001.obj",
            "matrix": [
                -0.8585895580053486,
                -0.48309267669439393,
                -0.17159672668330678,
                10.28062971478326,
                -0.0136296219891478,
                -0.3130879927781848,
                0.9496263171282465,
                0.12426072652744102,
                -0.5124823941255096,
                0.8176780384126557,
                0.2622297107671333,
                -11.093134583447927,
                0.0,
                0.0,
                0.0,
                1.0
            ],
            "class": 0
        }
    },
    "camera": {
        "matrix": [
            0.9999994983965493,
            -1.0032061465393834e-06,
            0.0010016015392002137,
            9.649399335120991e-18,
            6.3527471044072535e-22,
            0.9999994983970526,
            0.0010016015392001994,
            2.385245903367555e-18,
            -0.0010016020416067498,
            -0.0010016010367934112,
            0.9999989967938535,
            0.5200000000000105,
            0.0,
            0.0,
            0.0,
            1.0
        ],
        "position": [
            9.649399335120991e-18,
            2.385245903367555e-18,
            0.5200000000000105
        ],
        "focalPoint": [
            -0.0005208328003841015,
            -0.0005208328003841013,
            5.216672065433414e-07
        ],
        "fov": 88.0,
        "viewup": [
            -1.0032061465393836e-06,
            0.9999994983970526,
            -0.0010016010367934114
        ],
        "distance": 0.52
    }
}