{
    "image_file": "images\\scene1\\img00001.jpg",
    "model": {
        "num": 4,
        "0": {
            "model_file": "models\\car_001.obj",
            "matrix": [
                0.9403840019813325,
                0.30262431197548656,
                -0.15523032763912425,
                19.007078899254374,
                -0.042758368850520534,
                0.5579761493817892,
                0.8287546914584075,
                11.237068994995578,
                0.33741613878240995,
                -0.7727102578084735,
                0.537651566320361,
                -44.53189985155681,
                0.0,
                0.0,
                0.0,
                1.0
            ],
            "class": 0
        },
        "1": {
            "model_file": "models\\car_001.obj",
            "matrix": [
                0.9259711496146863,
                0.33451377094509965,
                -0.17515126927703972,
                13.702787325563028,
                -0.03331406663035286,
                0.5344271171068583,
                0.8445577715381025,
                4.058052123448359,
                0.37612179283553715,
                -0.7762011295720604,
                0.5060081060667335,
                -31.431415644257502,
                0.0,
                0.0,
                0.0,
                1.0
            ],
            "class": 0
        },
        "2": {
            "model_file": "models\\car_001.obj",
            "matrix": [
                0.9021037547196313,
                0.3314392816301159,
                -0.27632737525127327,
                12.538898493721245,
                0.039819871067754864,
                0.5736890013468413,
                0.8181047045469274,
                -2.462868401028362,
                0.4296780115259481,
                -0.7490186461805701,
                0.5043291326950426,
                -25.454579235554,
                0.0,
                0.0,
                0.0,
                1.0
            ],
            "class": 0
        },
        "3": {
            "model_file": "models\\car_001.obj",
            "matrix": [
                -0.9371692058606655,
                -0.346230415149984,
                -0.042876324604450566,
                27.263628221832082,
                0.15121903166239797,
                -0.5138878997615113,
                0.844424082402792,
                0.5582289942806159,
                -0.31439892501343997,
                0.7848845304271032,
                0.5339565430319453,
                -31.40023222877751,
                0.0,
                0.0,
                0.0,
                1.0
            ],
            "class": 0
        }
    },
    "camera": {
        "matrix": [
            0.9999994983965493,
            -1.0032061465393993e-06,
            0.0010016015392002148,
            1.0842021724855047e-19,
            0.0,
            0.9999994983970526,
            0.0010016015392002148,
            0.0,
            -0.001001602041606751,
            -0.0010016010367934266,
            0.9999989967938535,
            0.5200000000000001,
            0.0,
            0.0,
            0.0,
            1.0
        ],
        "position": [
            1.0842021724855047e-19,
            0.0,
            0.5200000000000001
        ],
        "focalPoint": [
            -0.0005208328003841116,
            -0.0005208328003841116,
            5.216671962182673e-07
        ],
        "fov": 88.0,
        "viewup": [
            -1.003206146539399e-06,
            0.9999994983970525,
            -0.0010016010367934263
        ],
        "distance": 0.52
    }
}