{
    "image_file": "images\\scene2\\000025.png",
    "model": {
        "num": 4,
        "0": {
            "model_file": "models\\car_001.obj",
            "matrix": [
                -0.9962171556886845,
                -0.08684864101710468,
                -0.0029448543747390703,
                2.7762842629376587,
                -0.003413835,
                0.00251945,
                0.9999804,
                -1.8385348304795968,
                -0.0868314670775296,
                0.9962077103062957,
                -0.005528565341261524,
                -2.622745884,
                0.0,
                0.0,
                0.0,
                1.0
            ],
            "class": 2,
            "class_name": "Car",
            "size": [
                1.8,
                4.4,
                1.6
            ]
        },
        "1": {
            "model_file": "models\\car_001.obj",
            "matrix": [
                -0.9962171556886845,
                -0.08684864101710468,
                -0.0029448543747390703,
                -2.6345080598181907,
                -0.003413835,
                0.00251945,
                0.9999804,
                -1.613507561043901,
                -0.0868314670775296,
                0.9962077103062957,
                -0.005528565341261524,
                -9.902745884,
                0.0,
                0.0,
                0.0,
                1.0
            ],
            "class": 2,
            "class_name": "Car",
            "size": [
                1.8,
                4.4,
                1.6
            ]
        },
        "2": {
            "model_file": "models\\car_001.obj",
            "matrix": [
                0.9879518544051423,
                0.15474030124393137,
                0.0025600671533231455,
                -1.3639287102590707,
                -0.003413835,
                0.00251945,
                0.9999804,
                -1.2936743160568671,
                0.15472381310169797,
                -0.9879412572067063,
                0.005716927338308047,
                -29.662745884,
                0.0,
                0.0,
                0.0,
                1.0
            ],
            "class": 2,
            "class_name": "Car",
            "size": [
                1.8,
                4.4,
                1.6
            ]
        },
        "3": {
            "model_file": "models\\car_001.obj",
            "matrix": [
                -0.9962171556886845,
                -0.08684864101710468,
                -0.0029448543747390703,
                3.894327830364734,
                -0.003413835,
                0.00251945,
                0.9999804,
                -1.586989565942325,
                -0.0868314670775296,
                0.9962077103062957,
                -0.005528565341261524,
                -16.962745884,
                0.0,
                0.0,
                0.0,
                1.0
            ],
            "class": 2,
            "class_name": "Car",
            "size": [
                1.8,
                4.4,
                1.6
            ]
        }
    },
    "camera": {
        "matrix": [
            1.0,
            0.0,
            0.0,
            0.0,
            0.0,
            1.0,
            0.0,
            0.0,
            0.0,
            0.0,
            1.0,
            0.52,
            0.0,
            0.0,
            0.0,
            1.0
        ],
        "position": [
            0.0,
            0.0,
            0.52
        ],
        "focalPoint": [
            0.0,
            0.0,
            0.0
        ],
        "fov": 88.8,
        "viewup": [
            0.0,
            1.0,
            0.0
        ],
        "distance": 0.52
    }
}