{
    "image_file": "images\\scene2\\000173.png",
    "model": {
        "num": 7,
        "0": {
            "model_file": "models\\car_001.obj",
            "matrix": [
                -0.9743534298992637,
                -0.22501284031320945,
                -0.0021445686811495837,
                -3.3507550400465296,
                -0.003413835,
                0.00251945,
                0.9999804,
                -1.8459254509491516,
                -0.22499715244160173,
                0.9743416804255128,
                -0.005885407988648734,
                -2.3027458839999997,
                0.0,
                0.0,
                0.0,
                1.0
            ],
            "class": 2,
            "class_name": "Car",
            "size": [
                1.8,
                4.4,
                1.6
            ]
        },
        "1": {
            "model_file": "models\\car_001.obj",
            "matrix": [
                0.9623248036747043,
                0.2718961359616088,
                0.0018572707876058187,
                -2.0169025858227103,
                -0.003413835,
                0.00251945,
                0.9999804,
                -1.7017943360558712,
                0.2718810350056261,
                -0.9623123088526804,
                0.005982286121753461,
                -6.572745884,
                0.0,
                0.0,
                0.0,
                1.0
            ],
            "class": 2,
            "class_name": "Car",
            "size": [
                1.8,
                4.4,
                1.6
            ]
        },
        "2": {
            "model_file": "models\\car_001.obj",
            "matrix": [
                -0.97205477860867,
                -0.23474484417973562,
                -0.0020856083546190343,
                3.868814023077875,
                -0.003413835,
                0.00251945,
                0.9999804,
                -1.7578083896701968,
                -0.23472927458529425,
                0.9720428728462864,
                -0.005906559050086716,
                -5.132745884,
                0.0,
                0.0,
                0.0,
                1.0
            ],
            "class": 2,
            "class_name": "Car",
            "size": [
                1.8,
                4.4,
                1.6
            ]
        },
        "3": {
            "model_file": "models\\car_001.obj",
            "matrix": [
                -0.9645765647608057,
                -0.26379612911155104,
                -0.001907499708063696,
                -0.10055172749281205,
                -0.003413835,
                0.00251945,
                0.9999804,
                -1.4112085216356114,
                -0.2637809236421997,
                0.9645641973378403,
                -0.005966460163677867,
                -13.242745884,
                0.0,
                0.0,
                0.0,
                1.0
            ],
            "class": 2,
            "class_name": "Car",
            "size": [
                1.8,
                4.4,
                1.6
            ]
        },
        "4": {
            "model_file": "models\\car_001.obj",
            "matrix": [
                0.9442900624764138,
                0.3291109712464649,
                0.001495206859227295,
                4.991082827428073,
                -0.003413835,
                0.00251945,
                0.9999804,
                -0.9099568121503054,
                0.3290966467036382,
                -0.9442766846245008,
                0.006082890634323261,
                -32.482745883999996,
                0.0,
                0.0,
                0.0,
                1.0
            ],
            "class": 2,
            "class_name": "Car",
            "size": [
                1.8,
                4.4,
                1.6
            ]
        },
        "5": {
            "model_file": "models\\car_001.obj",
            "matrix": [
                -0.9645765647608057,
                -0.26379612911155104,
                -0.001907499708063696,
                7.767631783998429,
                -0.003413835,
                0.00251945,
                0.9999804,
                -1.4779026551227696,
                -0.2637809236421997,
                0.9645641973378403,
                -0.005966460163677867,
                -19.222745884,
                0.0,
                0.0,
                0.0,
                1.0
            ],
            "class": 2,
            "class_name": "Car",
            "size": [
                1.8,
                4.4,
                1.6
            ]
        },
        "6": {
            "model_file": "models\\car_001.obj",
            "matrix": [
                -0.9501875437926474,
                -0.31167456993252945,
                -0.0016069171076647244,
                9.40237936202637,
                -0.003413835,
                0.00251945,
                0.9999804,
                -1.3825787028442393,
                -0.31166000157958124,
                0.9501744318690138,
                -0.006054338892902547,
                -23.842745884,
                0.0,
                0.0,
                0.0,
                1.0
            ],
            "class": 2,
            "class_name": "Car",
            "size": [
                1.8,
                4.4,
                1.6
            ]
        }
    },
    "camera": {
        "matrix": [
            1.0,
            0.0,
            0.0,
            0.0,
            0.0,
            1.0,
            0.0,
            0.0,
            0.0,
            0.0,
            1.0,
            0.52,
            0.0,
            0.0,
            0.0,
            1.0
        ],
        "position": [
            0.0,
            0.0,
            0.52
        ],
        "focalPoint": [
            0.0,
            0.0,
            0.0
        ],
        "fov": 88.8,
        "viewup": [
            0.0,
            1.0,
            0.0
        ],
        "distance": 0.52
    }
}