{
    "image_file": "images\\scene2\\000176.png",
    "model": {
        "num": 5,
        "0": {
            "model_file": "models\\car_001.obj",
            "matrix": [
                -0.999970070756818,
                -0.006959239257055693,
                -0.003377249472888128,
                2.849797183341744,
                -0.003413835,
                0.00251945,
                0.9999804,
                -1.898951080734683,
                -0.006941365419940277,
                0.9999620280336615,
                -0.0052755462294339596,
                -2.962745884,
                0.0,
                0.0,
                0.0,
                1.0
            ],
            "class": 2,
            "class_name": "Car",
            "size": [
                1.8,
                4.4,
                1.6
            ]
        },
        "1": {
            "model_file": "models\\car_001.obj",
            "matrix": [
                0.9993694620478293,
                0.035358878817599124,
                0.0032260427687642646,
                -2.8964926956152457,
                -0.003413835,
                0.00251945,
                0.9999804,
                -1.6622815119759142,
                0.03534124063358476,
                -0.9993609148896071,
                0.005369343542289112,
                -13.702745884,
                0.0,
                0.0,
                0.0,
                1.0
            ],
            "class": 2,
            "class_name": "Car",
            "size": [
                1.8,
                4.4,
                1.6
            ]
        },
        "2": {
            "model_file": "models\\car_001.obj",
            "matrix": [
                0.9978597013270342,
                0.06531929904039484,
                0.003063535013083997,
                -2.2794380804517225,
                -0.003413835,
                0.00251945,
                0.9999804,
                -1.5118060904850896,
                0.06530192516925419,
                -0.9978506289485926,
                0.005463694285428718,
                -19.232745884,
                0.0,
                0.0,
                0.0,
                1.0
            ],
            "class": 2,
            "class_name": "Car",
            "size": [
                1.8,
                4.4,
                1.6
            ]
        },
        "3": {
            "model_file": "models\\car_001.obj",
            "matrix": [
                0.9954519342285538,
                0.09522093630297482,
                0.0028982702826743623,
                -1.351553503639419,
                -0.003413835,
                0.00251945,
                0.9999804,
                -1.3969120457409625,
                0.09520384238001922,
                -0.995442344794421,
                0.00555312807249974,
                -25.192745884,
                0.0,
                0.0,
                0.0,
                1.0
            ],
            "class": 2,
            "class_name": "Car",
            "size": [
                1.8,
                4.4,
                1.6
            ]
        },
        "4": {
            "model_file": "models\\car_001.obj",
            "matrix": [
                0.9566950869300666,
                0.29108672166666977,
                0.0017372615996168379,
                1.761115164037335,
                -0.003413835,
                0.00251945,
                0.9999804,
                -1.1775450477619387,
                0.2910718736105587,
                -0.9566822926079382,
                0.0060182326438510785,
                -40.602745883999994,
                0.0,
                0.0,
                0.0,
                1.0
            ],
            "class": 2,
            "class_name": "Car",
            "size": [
                1.8,
                4.4,
                1.6
            ]
        }
    },
    "camera": {
        "matrix": [
            1.0,
            0.0,
            0.0,
            0.0,
            0.0,
            1.0,
            0.0,
            0.0,
            0.0,
            0.0,
            1.0,
            0.52,
            0.0,
            0.0,
            0.0,
            1.0
        ],
        "position": [
            0.0,
            0.0,
            0.52
        ],
        "focalPoint": [
            0.0,
            0.0,
            0.0
        ],
        "fov": 88.8,
        "viewup": [
            0.0,
            1.0,
            0.0
        ],
        "distance": 0.52
    }
}