{
    "image_file": "images\\scene2\\000179.png",
    "model": {
        "num": 5,
        "0": {
            "model_file": "models\\car_001.obj",
            "matrix": [
                -0.9993119082450954,
                -0.03695046904862921,
                -0.003217487176610816,
                0.1390522442687967,
                -0.003413835,
                0.00251945,
                0.9999804,
                -1.471204905322236,
                -0.03693284449964134,
                0.9993033330062082,
                -0.005374474698922952,
                -19.512745884,
                0.0,
                0.0,
                0.0,
                1.0
            ],
            "class": 2,
            "class_name": "Car",
            "size": [
                1.8,
                4.4,
                1.6
            ]
        },
        "1": {
            "model_file": "models\\tram_001.obj",
            "matrix": [
                0.998966087474971,
                0.04535055347796746,
                0.003172188927433231,
                7.946978276933873,
                -0.003413835,
                0.00251945,
                0.9999804,
                -0.9714998153798362,
                0.04533300164601265,
                -0.9989573643652025,
                0.005401334967365754,
                -28.832745884,
                0.0,
                0.0,
                0.0,
                1.0
            ],
            "class": 1,
            "class_name": "Tram",
            "size": [
                2.62,
                16.8,
                3.62
            ]
        },
        "2": {
            "model_file": "models\\tram_001.obj",
            "matrix": [
                0.9984628171258341,
                0.055337693120780004,
                0.0031180178698529365,
                8.48379852066342,
                -0.003413835,
                0.00251945,
                0.9999804,
                -0.81934127229583,
                0.055320229396053314,
                -0.9984539189368232,
                0.005432786263446755,
                -41.332745884,
                0.0,
                0.0,
                0.0,
                1.0
            ],
            "class": 1,
            "class_name": "Tram",
            "size": [
                2.62,
                16.8,
                3.62
            ]
        },
        "3": {
            "model_file": "models\\tram_001.obj",
            "matrix": [
                0.9954519342285538,
                0.09522093630297482,
                0.0028982702826743623,
                9.290422095138801,
                -0.003413835,
                0.00251945,
                0.9999804,
                -0.5555885042885915,
                0.09520384238001922,
                -0.995442344794421,
                0.00555312807249974,
                -52.752745884,
                0.0,
                0.0,
                0.0,
                1.0
            ],
            "class": 1,
            "class_name": "Tram",
            "size": [
                2.62,
                16.8,
                3.62
            ]
        },
        "4": {
            "model_file": "models\\pedestrian_001.obj",
            "matrix": [
                0.9978597013270342,
                0.06531929904039484,
                0.003063535013083997,
                -12.610346784133993,
                -0.003413835,
                0.00251945,
                0.9999804,
                -1.5728819997264631,
                0.06530192516925419,
                -0.9978506289485926,
                0.005463694285428718,
                -22.992745884,
                0.0,
                0.0,
                0.0,
                1.0
            ],
            "class": 5,
            "class_name": "Pedestrian",
            "size": [
                0.91,
                0.33,
                1.77
            ]
        }
    },
    "camera": {
        "matrix": [
            1.0,
            0.0,
            0.0,
            0.0,
            0.0,
            1.0,
            0.0,
            0.0,
            0.0,
            0.0,
            1.0,
            0.52,
            0.0,
            0.0,
            0.0,
            1.0
        ],
        "position": [
            0.0,
            0.0,
            0.52
        ],
        "focalPoint": [
            0.0,
            0.0,
            0.0
        ],
        "fov": 88.8,
        "viewup": [
            0.0,
            1.0,
            0.0
        ],
        "distance": 0.52
    }
}