{
    "image_file": "images\\scene2\\000211.png",
    "model": {
        "num": 5,
        "0": {
            "model_file": "models\\car_001.obj",
            "matrix": [
                0.9998868362989085,
                -0.014632538901416494,
                0.0034903663851210986,
                -5.775101355078047,
                -0.003413835,
                0.00251945,
                0.9999804,
                -1.9217966168665948,
                -0.014650582222161306,
                -0.999879181364193,
                0.0052013983233967645,
                -7.392745884,
                0.0,
                0.0,
                0.0,
                1.0
            ],
            "class": 2,
            "class_name": "Car",
            "size": [
                1.8,
                4.4,
                1.6
            ]
        },
        "1": {
            "model_file": "models\\car_001.obj",
            "matrix": [
                0.9999798577081964,
                0.005366637990520081,
                0.0033856473037039998,
                -6.694247829512335,
                -0.003413835,
                0.00251945,
                0.9999804,
                -1.5348825835066764,
                0.005348751366807068,
                -0.9999718434620591,
                0.005270160752381263,
                -23.652745884,
                0.0,
                0.0,
                0.0,
                1.0
            ],
            "class": 2,
            "class_name": "Car",
            "size": [
                1.8,
                4.4,
                1.6
            ]
        },
        "2": {
            "model_file": "models\\car_001.obj",
            "matrix": [
                0.9954519342285538,
                0.09522093630297482,
                0.0028982702826743623,
                -6.694242679265159,
                -0.003413835,
                0.00251945,
                0.9999804,
                -1.1775590634989008,
                0.09520384238001922,
                -0.995442344794421,
                0.00555312807249974,
                -42.572745884,
                0.0,
                0.0,
                0.0,
                1.0
            ],
            "class": 2,
            "class_name": "Car",
            "size": [
                1.8,
                4.4,
                1.6
            ]
        },
        "3": {
            "model_file": "models\\car_001.obj",
            "matrix": [
                -0.9970356454449257,
                -0.07688238755196523,
                -0.002999991865237021,
                2.4897495500011146,
                -0.003413835,
                0.00251945,
                0.9999804,
                -0.9541676882366943,
                -0.0768651200188303,
                0.9970263722713355,
                -0.005498840862357239,
                -44.362745884,
                0.0,
                0.0,
                0.0,
                1.0
            ],
            "class": 2,
            "class_name": "Car",
            "size": [
                1.8,
                4.4,
                1.6
            ]
        },
        "4": {
            "model_file": "models\\car_001.obj",
            "matrix": [
                -0.999970070756818,
                -0.006959239257055693,
                -0.003377249472888128,
                2.9693760607040325,
                -0.003413835,
                0.00251945,
                0.9999804,
                -1.74070356409739,
                -0.006941365419940277,
                0.9999620280336615,
                -0.0052755462294339596,
                -3.902745884,
                0.0,
                0.0,
                0.0,
                1.0
            ],
            "class": 2,
            "class_name": "Car",
            "size": [
                1.8,
                4.4,
                1.6
            ]
        }
    },
    "camera": {
        "matrix": [
            1.0,
            0.0,
            0.0,
            0.0,
            0.0,
            1.0,
            0.0,
            0.0,
            0.0,
            0.0,
            1.0,
            0.52,
            0.0,
            0.0,
            0.0,
            1.0
        ],
        "position": [
            0.0,
            0.0,
            0.52
        ],
        "focalPoint": [
            0.0,
            0.0,
            0.0
        ],
        "fov": 88.8,
        "viewup": [
            0.0,
            1.0,
            0.0
        ],
        "distance": 0.52
    }
}