{
    "image_file": "images\\scene1\\000067.png",
    "model": {
        "num": 7,
        "0": {
            "model_file": "models\\car_001.obj",
            "matrix": [
                -0.97205477860867,
                -0.23474484417973562,
                -0.0020856083546190343,
                5.033808932668599,
                -0.003413835,
                0.00251945,
                0.9999804,
                -0.5372396196368321,
                -0.23472927458529425,
                0.9720428728462864,
                -0.005906559050086716,
                -47.14274588399999,
                0.0,
                0.0,
                0.0,
                1.0
            ],
            "class": 2,
            "class_name": "Car",
            "size": [
                1.8,
                4.4,
                1.6
            ]
        },
        "1": {
            "model_file": "models\\truck_001.obj",
            "matrix": [
                0.9747105365246791,
                0.22346076681663646,
                0.002153939373450022,
                -12.00045021304519,
                -0.003413835,
                0.00251945,
                0.9999804,
                -1.8205991072980163,
                0.22344506025209163,
                -0.9746988120511644,
                0.0058819849707832245,
                -22.612745884,
                0.0,
                0.0,
                0.0,
                1.0
            ],
            "class": 3,
            "class_name": "Truck",
            "size": [
                2.55,
                5.7,
                3.91
            ]
        },
        "2": {
            "model_file": "models\\car_001.obj",
            "matrix": [
                -0.9591083891062981,
                -0.28303336953122843,
                -0.001787796972686132,
                6.306533297100181,
                -0.003413835,
                0.00251945,
                0.9999804,
                -0.6853774407569961,
                -0.2830184144348393,
                0.9590957200676214,
                -0.006003414362300198,
                -37.772745883999995,
                0.0,
                0.0,
                0.0,
                1.0
            ],
            "class": 2,
            "class_name": "Car",
            "size": [
                1.8,
                4.4,
                1.6
            ]
        },
        "3": {
            "model_file": "models\\car_001.obj",
            "matrix": [
                -0.9501875437926474,
                -0.31167456993252945,
                -0.0016069171076647244,
                -1.883695244540208,
                -0.003413835,
                0.00251945,
                0.9999804,
                -1.524113229003261,
                -0.31166000157958124,
                0.9501744318690138,
                -0.006054338892902547,
                -11.802745884,
                0.0,
                0.0,
                0.0,
                1.0
            ],
            "class": 2,
            "class_name": "Car",
            "size": [
                1.8,
                4.4,
                1.6
            ]
        },
        "4": {
            "model_file": "models\\car_001.obj",
            "matrix": [
                -0.9437647281251541,
                -0.33061445885982166,
                -0.0014855170293881848,
                -6.471812509488424,
                -0.003413835,
                0.00251945,
                0.9999804,
                -1.640774489762347,
                -0.33060015564143735,
                0.9437513274761828,
                -0.00608526426512569,
                -10.692745884,
                0.0,
                0.0,
                0.0,
                1.0
            ],
            "class": 2,
            "class_name": "Car",
            "size": [
                1.8,
                4.4,
                1.6
            ]
        },
        "5": {
            "model_file": "models\\car_001.obj",
            "matrix": [
                0.9921483275802576,
                0.1250368811501025,
                0.002730397304637696,
                -8.417933182626335,
                -0.003413835,
                0.00251945,
                0.9999804,
                -1.2955588381763317,
                0.1250200825587088,
                -0.992138229720277,
                0.00563756441913041,
                -42.882745883999995,
                0.0,
                0.0,
                0.0,
                1.0
            ],
            "class": 2,
            "class_name": "Car",
            "size": [
                1.8,
                4.4,
                1.6
            ]
        },
        "6": {
            "model_file": "models\\tram_001.obj",
            "matrix": [
                0.9477565136584765,
                -0.31895683768362487,
                0.004910724559886099,
                -0.23218538283849455,
                -0.003413835,
                0.00251945,
                0.9999804,
                -0.08738130108290676,
                -0.31897635614762876,
                -0.9477547278779949,
                0.0038886998235849314,
                -89.28274588400001,
                0.0,
                0.0,
                0.0,
                1.0
            ],
            "class": 1,
            "class_name": "Tram",
            "size": [
                2.62,
                16.8,
                3.62
            ]
        }
    },
    "camera": {
        "matrix": [
            1.0,
            0.0,
            0.0,
            0.0,
            0.0,
            1.0,
            0.0,
            0.0,
            0.0,
            0.0,
            1.0,
            0.52,
            0.0,
            0.0,
            0.0,
            1.0
        ],
        "position": [
            0.0,
            0.0,
            0.52
        ],
        "focalPoint": [
            0.0,
            0.0,
            0.0
        ],
        "fov": 88.8,
        "viewup": [
            0.0,
            1.0,
            0.0
        ],
        "distance": 0.52
    }
}