{
    "image_file": "images\\scene1\\000098.png",
    "model": {
        "num": 5,
        "0": {
            "model_file": "models\\car_001.obj",
            "matrix": [
                -0.9892177400467016,
                -0.1464289659515916,
                -0.0026080402989496513,
                2.4897449459750227,
                -0.003413835,
                0.00251945,
                0.9999804,
                -1.6536599576139377,
                -0.1464123892988057,
                0.9892072818426773,
                -0.0056952021755221835,
                -21.533779761,
                0.0,
                0.0,
                0.0,
                1.0
            ],
            "class": 2,
            "class_name": "Car",
            "size": [
                1.8,
                4.4,
                1.6
            ]
        },
        "1": {
            "model_file": "models\\car_001.obj",
            "matrix": [
                -0.99732658987521,
                0.07297467788510213,
                -0.0037880416996299462,
                -7.552481828506606,
                -0.003413835,
                0.00251945,
                0.9999804,
                -1.8388377493201746,
                0.07299313728819667,
                0.9973200012572674,
                -0.004988781625094715,
                -14.183779761,
                0.0,
                0.0,
                0.0,
                1.0
            ],
            "class": 2,
            "class_name": "Car",
            "size": [
                1.8,
                4.4,
                1.6
            ]
        },
        "2": {
            "model_file": "models\\car_001.obj",
            "matrix": [
                -0.9980066431686874,
                0.06299799538821052,
                -0.003737965314331811,
                -8.292151257704898,
                -0.003413835,
                0.00251945,
                0.9999804,
                -1.6968780423449878,
                0.06301638798326128,
                0.9979998702892185,
                -0.005026411973751285,
                -22.123779761,
                0.0,
                0.0,
                0.0,
                1.0
            ],
            "class": 2,
            "class_name": "Car",
            "size": [
                1.8,
                4.4,
                1.6
            ]
        },
        "3": {
            "model_file": "models\\car_001.obj",
            "matrix": [
                -0.879039664789549,
                -0.4767483830482035,
                -0.0004970495518375514,
                11.07606895303502,
                -0.003413835,
                0.00251945,
                0.9999804,
                -1.5097610296142534,
                -0.47673639748813595,
                0.8790241565401679,
                -0.006244208818099862,
                -48.89377976099999,
                0.0,
                0.0,
                0.0,
                1.0
            ],
            "class": 2,
            "class_name": "Car",
            "size": [
                1.8,
                4.4,
                1.6
            ]
        },
        "4": {
            "model_file": "models\\car_001.obj",
            "matrix": [
                -0.8381299944606747,
                -0.5454705481608818,
                3.5441953894366552e-06,
                24.015611122348233,
                -0.003413835,
                0.00251945,
                0.9999804,
                -1.1522321730676524,
                -0.5454598402711587,
                0.8381135779888651,
                -0.006263959567214418,
                -69.473779761,
                0.0,
                0.0,
                0.0,
                1.0
            ],
            "class": 2,
            "class_name": "Car",
            "size": [
                1.8,
                4.4,
                1.6
            ]
        }
    },
    "camera": {
        "matrix": [
            1.0,
            0.0,
            0.0,
            0.0,
            0.0,
            1.0,
            0.0,
            0.0,
            0.0,
            0.0,
            1.0,
            0.52,
            0.0,
            0.0,
            0.0,
            1.0
        ],
        "position": [
            0.0,
            0.0,
            0.52
        ],
        "focalPoint": [
            0.0,
            0.0,
            0.0
        ],
        "fov": 88.8,
        "viewup": [
            0.0,
            1.0,
            0.0
        ],
        "distance": 0.52
    }
}