{
    "image_file": "images\\scene1\\000039.png",
    "model": {
        "num": 6,
        "0": {
            "model_file": "models\\car_001.obj",
            "matrix": [
                0.9998868362989085,
                -0.014632538901416494,
                0.0034903663851210986,
                -3.133402692293863,
                -0.003413835,
                0.00251945,
                0.9999804,
                -1.8023498576944643,
                -0.014650582222161306,
                -0.999879181364193,
                0.0052013983233967645,
                -6.652745884,
                0.0,
                0.0,
                0.0,
                1.0
            ],
            "class": 2,
            "class_name": "Car",
            "size": [
                1.8,
                4.4,
                1.6
            ]
        },
        "1": {
            "model_file": "models\\car_001.obj",
            "matrix": [
                -0.999970070756818,
                -0.006959239257055693,
                -0.003377249472888128,
                2.7369937037196834,
                -0.003413835,
                0.00251945,
                0.9999804,
                -1.594318943255221,
                -0.006941365419940277,
                0.9999620280336615,
                -0.0052755462294339596,
                -16.152745884,
                0.0,
                0.0,
                0.0,
                1.0
            ],
            "class": 2,
            "class_name": "Car",
            "size": [
                1.8,
                4.4,
                1.6
            ]
        },
        "2": {
            "model_file": "models\\car_001.obj",
            "matrix": [
                0.9999798577081964,
                0.005366637990520081,
                0.0033856473037039998,
                -3.500418334103763,
                -0.003413835,
                0.00251945,
                0.9999804,
                -1.2323622697170133,
                0.005348751366807068,
                -0.9999718434620591,
                0.005270160752381263,
                -33.302745884,
                0.0,
                0.0,
                0.0,
                1.0
            ],
            "class": 2,
            "class_name": "Car",
            "size": [
                1.8,
                4.4,
                1.6
            ]
        },
        "3": {
            "model_file": "models\\car_001.obj",
            "matrix": [
                0.9998868362989085,
                -0.014632538901416494,
                0.0034903663851210986,
                2.585533342398538,
                -0.003413835,
                0.00251945,
                0.9999804,
                -1.3894882135886704,
                -0.014650582222161306,
                -0.999879181364193,
                0.0052013983233967645,
                -28.962745884,
                0.0,
                0.0,
                0.0,
                1.0
            ],
            "class": 2,
            "class_name": "Car",
            "size": [
                1.8,
                4.4,
                1.6
            ]
        },
        "4": {
            "model_file": "models\\car_001.obj",
            "matrix": [
                0.9993938734867479,
                -0.03462586297289042,
                0.0035936893665217467,
                -3.625465405195385,
                -0.003413835,
                0.00251945,
                0.9999804,
                -0.9739495416461903,
                -0.034644055773579305,
                -0.9993865809253257,
                0.005130555404433961,
                -48.432745884,
                0.0,
                0.0,
                0.0,
                1.0
            ],
            "class": 2,
            "class_name": "Car",
            "size": [
                1.8,
                4.4,
                1.6
            ]
        },
        "5": {
            "model_file": "models\\car_001.obj",
            "matrix": [
                -0.9998506601726219,
                -0.016958344918824208,
                -0.0033243260287806366,
                2.5125912053129724,
                -0.003413835,
                0.00251945,
                0.9999804,
                -0.9319626151452916,
                -0.01694055240128432,
                0.9998424391162061,
                -0.005309054386177407,
                -48.772745883999995,
                0.0,
                0.0,
                0.0,
                1.0
            ],
            "class": 2,
            "class_name": "Car",
            "size": [
                1.8,
                4.4,
                1.6
            ]
        }
    },
    "camera": {
        "matrix": [
            1.0,
            0.0,
            0.0,
            0.0,
            0.0,
            1.0,
            0.0,
            0.0,
            0.0,
            0.0,
            1.0,
            0.52,
            0.0,
            0.0,
            0.0,
            1.0
        ],
        "position": [
            0.0,
            0.0,
            0.52
        ],
        "focalPoint": [
            0.0,
            0.0,
            0.0
        ],
        "fov": 88.8,
        "viewup": [
            0.0,
            1.0,
            0.0
        ],
        "distance": 0.52
    }
}