{
    "image_file": "images\\scene1\\000063.png",
    "model": {
        "num": 4,
        "0": {
            "model_file": "models\\car_001.obj",
            "matrix": [
                -0.9743534298992637,
                -0.22501284031320945,
                -0.0021445686811495837,
                8.832460974384773,
                -0.003413835,
                0.00251945,
                0.9999804,
                -1.694426566851429,
                -0.22499715244160173,
                0.9743416804255128,
                -0.005885407988648734,
                -18.222745884,
                0.0,
                0.0,
                0.0,
                1.0
            ],
            "class": 2,
            "class_name": "Car",
            "size": [
                1.8,
                4.4,
                1.6
            ]
        },
        "1": {
            "model_file": "models\\car_001.obj",
            "matrix": [
                -0.3124165624834442,
                0.9499259358138562,
                -0.006055616604279188,
                -3.8909613568333166,
                -0.003413835,
                0.00251945,
                0.9999804,
                -1.56996517947195,
                0.9499390593345011,
                0.3124311203903983,
                0.0016020953663862165,
                -10.802745884,
                0.0,
                0.0,
                0.0,
                1.0
            ],
            "class": 2,
            "class_name": "Car",
            "size": [
                1.8,
                4.4,
                1.6
            ]
        },
        "2": {
            "model_file": "models\\pedestrian_001.obj",
            "matrix": [
                -0.82359996877838,
                0.567141580533812,
                -0.005790344605320948,
                -3.038708418444558,
                -0.003413835,
                0.00251945,
                0.9999804,
                -1.6659487907367674,
                0.5671608382033618,
                0.8236036159159573,
                -0.0023893746823486248,
                -9.602745883999999,
                0.0,
                0.0,
                0.0,
                1.0
            ],
            "class": 5,
            "class_name": "Pedestrian",
            "size": [
                0.91,
                0.33,
                1.77
            ]
        },
        "3": {
            "model_file": "models\\van_001.obj",
            "matrix": [
                -0.9645765647608057,
                -0.26379612911155104,
                -0.001907499708063696,
                13.367949419850156,
                -0.003413835,
                0.00251945,
                0.9999804,
                -1.3929333709880023,
                -0.2637809236421997,
                0.9645641973378403,
                -0.005966460163677867,
                -34.232745883999996,
                0.0,
                0.0,
                0.0,
                1.0
            ],
            "class": 4,
            "class_name": "Van",
            "size": [
                1.86,
                4.98,
                2.16
            ]
        }
    },
    "camera": {
        "matrix": [
            1.0,
            0.0,
            0.0,
            0.0,
            0.0,
            1.0,
            0.0,
            0.0,
            0.0,
            0.0,
            1.0,
            0.52,
            0.0,
            0.0,
            0.0,
            1.0
        ],
        "position": [
            0.0,
            0.0,
            0.52
        ],
        "focalPoint": [
            0.0,
            0.0,
            0.0
        ],
        "fov": 88.8,
        "viewup": [
            0.0,
            1.0,
            0.0
        ],
        "distance": 0.52
    }
}