{
    "image_file": "images\\scene1\\000159.png",
    "model": {
        "num": 8,
        "0": {
            "model_file": "models\\car_001.obj",
            "matrix": [
                -0.998373444878252,
                -0.05692781348348022,
                -0.003109361372469613,
                4.515926758083335,
                -0.003413835,
                0.00251945,
                0.9999804,
                -1.5147192554202658,
                -0.056910363952628974,
                0.9983645188868745,
                -0.005437745293447633,
                -14.672745884,
                0.0,
                0.0,
                0.0,
                1.0
            ],
            "class": 2,
            "class_name": "Car",
            "size": [
                1.8,
                4.4,
                1.6
            ]
        },
        "1": {
            "model_file": "models\\car_001.obj",
            "matrix": [
                0.9996729005072881,
                0.025363668298814663,
                0.003279574008506782,
                -5.2631220686455045,
                -0.003413835,
                0.00251945,
                0.9999804,
                -1.874422423009585,
                0.02534594552654445,
                -0.9996645301553206,
                0.0053368151873326814,
                -5.502745883999999,
                0.0,
                0.0,
                0.0,
                1.0
            ],
            "class": 2,
            "class_name": "Car",
            "size": [
                1.8,
                4.4,
                1.6
            ]
        },
        "2": {
            "model_file": "models\\car_001.obj",
            "matrix": [
                0.9993694620478293,
                0.035358878817599124,
                0.0032260427687642646,
                -5.244610292051697,
                -0.003413835,
                0.00251945,
                0.9999804,
                -1.710136815558044,
                0.03534124063358476,
                -0.9993609148896071,
                0.005369343542289112,
                -10.152745884,
                0.0,
                0.0,
                0.0,
                1.0
            ],
            "class": 2,
            "class_name": "Car",
            "size": [
                1.8,
                4.4,
                1.6
            ]
        },
        "3": {
            "model_file": "models\\car_001.obj",
            "matrix": [
                0.9963541846031851,
                0.08526191775411865,
                0.002953655725576117,
                -4.199655251099664,
                -0.003413835,
                0.00251945,
                0.9999804,
                -0.8570817001520155,
                0.08524472879310897,
                -0.9963447665849006,
                0.0055238681986257985,
                -36.742745883999994,
                0.0,
                0.0,
                0.0,
                1.0
            ],
            "class": 2,
            "class_name": "Car",
            "size": [
                1.8,
                4.4,
                1.6
            ]
        },
        "4": {
            "model_file": "models\\car_001.obj",
            "matrix": [
                -0.9977544324674826,
                -0.06690844591213992,
                -0.003054829359048428,
                4.689246473086726,
                -0.003413835,
                0.00251945,
                0.9999804,
                -1.2472903731240237,
                -0.06689108651218406,
                0.9977453324300006,
                -0.005468566503949072,
                -20.832745884,
                0.0,
                0.0,
                0.0,
                1.0
            ],
            "class": 2,
            "class_name": "Car",
            "size": [
                1.8,
                4.4,
                1.6
            ]
        },
        "5": {
            "model_file": "models\\car_001.obj",
            "matrix": [
                -0.9998506601726219,
                -0.016958344918824208,
                -0.0033243260287806366,
                4.928838245732546,
                -0.003413835,
                0.00251945,
                0.9999804,
                -1.1284088180987855,
                -0.01694055240128432,
                0.9998424391162061,
                -0.005309054386177407,
                -26.472745884,
                0.0,
                0.0,
                0.0,
                1.0
            ],
            "class": 2,
            "class_name": "Car",
            "size": [
                1.8,
                4.4,
                1.6
            ]
        },
        "6": {
            "model_file": "models\\car_001.obj",
            "matrix": [
                -0.9977544324674826,
                -0.06690844591213992,
                -0.003054829359048428,
                5.210322110000188,
                -0.003413835,
                0.00251945,
                0.9999804,
                -0.8601645788202035,
                -0.06689108651218406,
                0.9977453324300006,
                -0.005468566503949072,
                -31.682745884000003,
                0.0,
                0.0,
                0.0,
                1.0
            ],
            "class": 2,
            "class_name": "Car",
            "size": [
                1.8,
                4.4,
                1.6
            ]
        },
        "7": {
            "model_file": "models\\car_001.obj",
            "matrix": [
                0.9921483275802576,
                0.1250368811501025,
                0.002730397304637696,
                -1.774686781162906,
                -0.003413835,
                0.00251945,
                0.9999804,
                0.06325712904265046,
                0.1250200825587088,
                -0.992138229720277,
                0.00563756441913041,
                -63.782745884,
                0.0,
                0.0,
                0.0,
                1.0
            ],
            "class": 2,
            "class_name": "Car",
            "size": [
                1.8,
                4.4,
                1.6
            ]
        }
    },
    "camera": {
        "matrix": [
            1.0,
            0.0,
            0.0,
            0.0,
            0.0,
            1.0,
            0.0,
            0.0,
            0.0,
            0.0,
            1.0,
            0.52,
            0.0,
            0.0,
            0.0,
            1.0
        ],
        "position": [
            0.0,
            0.0,
            0.52
        ],
        "focalPoint": [
            0.0,
            0.0,
            0.0
        ],
        "fov": 88.8,
        "viewup": [
            0.0,
            1.0,
            0.0
        ],
        "distance": 0.52
    }
}